NObs  Nruns
6 28
<Y>
452.033 725 1101.52 5.5 0.168233 0.500002 
SigmaY
7.5 10 12.5 0.05 0.025 0.025 
EigenValues
7.41792 10.1955 35.3095 43.2399 362.559 506.673 
EigenVectors
-0.0239438 0.293968 -0.955492 -0.00400578 -0.00533894 0.000858298 
0.0341812 -0.954988 -0.294666 -0.00091796 -0.000107842 1.22823e-05 
-0.99818 -0.0396713 0.012783 -0.000386813 -0.00220891 -0.0435159 
-0.0434572 -0.0019691 0.00138247 -1.47685e-05 -0.000320977 0.999052 
-0.00228868 0.00134435 -0.00468662 -0.0963154 0.995336 0.00022794 
0.000674866 -0.000416981 0.00456568 -0.995342 -0.0962924 -2.34347e-05 
