 8.28281e-04 -7.14083e-06  2.94212e-06 -5.30507e-05 -3.15427e-05 -4.99610e-05 
-7.14083e-06  1.04667e-03 -4.47873e-05  1.00030e-05  1.12824e-04 -1.61864e-04 
 2.94212e-06 -4.47873e-05  8.94172e-04  3.88624e-05 -1.94363e-04  4.42872e-05 
-5.30507e-05  1.00030e-05  3.88624e-05  7.76357e-04  2.02028e-05 -1.65462e-05 
-3.15427e-05  1.12824e-04 -1.94363e-04  2.02028e-05  9.81005e-04 -1.98820e-05 
-4.99610e-05 -1.61864e-04  4.42872e-05 -1.65462e-05 -1.98820e-05  8.66064e-04 
