 2.08860e-02  1.02576e-02 -1.38306e-02 -1.35456e-03  1.02198e-02 -3.70358e-03 
 1.02576e-02  2.86850e-02 -1.98147e-02 -3.75003e-04  2.40672e-02  4.76217e-03 
-1.38306e-02 -1.98147e-02  3.18463e-02 -1.72911e-03 -2.37969e-02 -6.56787e-04 
-1.35456e-03 -3.75003e-04 -1.72911e-03  8.41083e-03  1.44509e-03  1.92954e-03 
 1.02198e-02  2.40672e-02 -2.37969e-02  1.44509e-03  3.46476e-02  5.24368e-03 
-3.70358e-03  4.76217e-03 -6.56787e-04  1.92954e-03  5.24368e-03  1.15306e-02 
