 2.36094e-02  1.34861e-02 -1.71887e-02 -1.88471e-03  1.37186e-02 -2.89677e-03 
 1.34861e-02  2.88005e-02 -2.04625e-02 -3.11615e-04  2.55198e-02  4.70963e-03 
-1.71887e-02 -2.04625e-02  3.17689e-02 -8.21517e-04 -2.45011e-02 -7.85179e-04 
-1.88471e-03 -3.11615e-04 -8.21517e-04  8.04068e-03  1.16516e-03  2.09710e-03 
 1.37186e-02  2.55198e-02 -2.45011e-02  1.16516e-03  3.62600e-02  5.64215e-03 
-2.89677e-03  4.70963e-03 -7.85179e-04  2.09710e-03  5.64215e-03  1.26561e-02 
